1	15	6	11	14	8	3	9	18	16
18	12	10	8	14	3	11	0	13	14
4	8	14	16	11	6	2	1	2	7
1	1	11	4	4	12	13	11	18	17
7	10	14	0	13	5	2	17	9	0
8	15	5	10	5	4	5	18	8	11
9	12	10	7	7	7	2	17	12	1
1	17	14	0	16	17	7	5	1	10
12	14	0	10	15	13	18	8	17	17
18	18	18	18	18	18	18	18	18	18
3	17	18	17	3	8	1	16	4	9
12	7	18	10	15	9	3	16	11	15
9	15	2	16	13	7	12	14	15	18
7	9	6	18	12	8	4	13	7	17
0	0	0	0	0	0	0	0	0	0
0	15	2	9	7	13	4	4	3	3
16	17	0	6	6	17	8	15	0	10
0	3	12	12	3	4	6	13	3	10
4	13	10	9	14	3	15	9	4	4
11	16	6	1	17	4	9	3	13	15
4	10	3	17	11	11	4	13	7	5
16	2	5	12	17	15	15	1	5	13
17	4	7	2	10	1	12	1	15	11
11	13	3	1	18	3	17	0	11	13
16	9	0	14	0	1	0	6	16	13
18	1	13	16	13	16	9	3	13	5
17	9	15	15	5	7	5	15	13	1
5	6	0	0	11	15	2	16	1	14
7	4	4	11	1	11	8	3	6	0
10	5	0	17	4	0	8	5	9	11
0	15	3	18	3	15	18	9	14	17
10	4	17	3	6	12	7	5	4	1
13	0	7	7	4	14	2	0	15	16
5	9	6	1	15	18	15	12	1	5
16	1	14	7	9	3	12	12	13	13
12	0	11	3	9	9	7	6	3	8
3	2	14	1	18	0	2	4	15	7
11	3	3	4	18	17	5	0	15	16
1	9	6	8	11	18	8	14	4	1
12	18	10	0	13	16	7	1	0	0
1	2	11	10	2	18	16	8	13	15
14	12	10	0	3	8	16	1	17	5
2	13	15	7	2	14	6	12	17	14
7	3	12	12	4	11	17	10	2	10
14	6	17	1	4	1	18	13	13	5
11	16	10	10	15	2	3	6	17	5
3	3	18	5	0	14	4	2	16	4
0	3	17	15	9	9	7	1	0	9
5	14	1	17	4	15	15	7	0	5
0	14	4	5	10	10	0	2	7	15
2	14	18	16	11	15	17	11	1	8
9	8	8	17	8	6	4	6	4	11
1	13	4	7	9	15	9	8	3	7
0	4	17	10	12	6	15	15	16	16
16	18	10	16	10	2	7	17	17	18
9	0	16	2	8	6	13	18	13	12
1	12	4	14	12	11	7	3	16	7
10	14	13	1	0	3	17	9	8	5
6	12	4	15	13	3	7	4	4	1
6	2	7	7	1	4	18	0	3	8
17	12	16	7	4	7	18	15	5	10
4	9	13	13	13	10	10	12	5	10
12	9	10	5	18	12	5	18	17	6
6	17	17	15	4	13	10	10	14	10
12	13	16	1	6	12	7	9	14	4
8	0	1	3	9	12	14	18	7	12
5	10	3	15	16	0	5	9	5	17
12	1	4	4	0	7	10	1	2	16
11	1	2	14	5	18	2	17	17	10
8	9	18	6	14	16	9	13	3	12
13	6	0	17	17	11	14	9	17	7
18	1	4	15	4	3	9	14	10	7
8	18	2	0	8	10	7	18	12	7
5	13	5	6	0	18	2	7	15	5
6	8	17	0	6	3	5	13	7	3
1	17	15	6	3	1	12	6	16	4
3	0	10	18	5	9	2	7	2	2
5	6	0	9	0	12	10	9	8	17
0	14	10	11	13	0	16	6	4	7
1	17	12	3	11	6	4	4	8	8
18	1	9	8	18	5	18	14	14	9
3	10	1	17	5	0	4	3	10	2
0	3	12	14	9	16	12	3	13	17
15	13	13	3	5	12	16	16	17	16
16	11	11	4	7	12	6	14	16	15
11	7	3	2	8	18	15	4	17	12
12	7	2	0	6	2	10	7	11	13
8	3	18	3	11	7	14	18	8	16
17	8	9	1	17	18	18	5	11	4
11	11	11	11	11	11	11	11	11	11
11	7	1	2	13	8	3	18	9	9
10	9	3	7	10	6	12	9	2	12
0	11	17	0	13	2	13	7	6	10
0	13	15	14	1	16	13	5	17	10
0	17	12	3	0	5	16	18	0	8
12	9	2	14	8	7	3	10	11	16
12	12	2	9	9	1	0	2	14	15
18	13	18	9	15	0	9	4	15	16
1	13	18	5	6	16	11	15	11	2
16	16	16	16	16	16	16	16	16	16
10	1	2	3	18	8	0	10	11	0
1	13	8	6	15	10	11	4	14	0
9	7	16	11	9	2	11	10	3	6
8	4	15	18	15	14	7	10	17	3
2	2	2	2	2	2	2	2	2	2
0	17	11	18	0	14	17	7	14	2
2	16	13	16	12	6	14	5	6	2
18	7	0	13	2	0	3	5	2	8
9	1	18	6	14	10	3	11	6	6
1	2	6	18	10	3	10	3	14	7
12	8	14	2	0	6	16	16	15	15
15	16	0	14	1	18	2	0	10	4
17	4	2	3	16	1	4	12	0	7
15	0	9	9	8	0	15	5	11	7
16	12	15	12	1	12	1	11	18	7
10	3	18	3	14	9	9	9	5	16
12	12	1	18	10	12	2	2	17	7
6	9	4	1	12	9	10	12	1	2
12	0	13	11	9	10	5	9	13	1
1	16	6	6	17	5	11	4	15	4
14	11	13	16	16	16	2	6	11	3
9	11	1	16	10	8	9	8	18	4
5	9	2	12	1	7	5	4	2	9
6	8	0	1	4	0	1	13	1	0
16	11	12	11	16	2	14	10	17	3
12	13	0	0	5	2	3	12	2	5
5	2	16	7	15	10	8	8	12	12
0	13	6	6	9	18	11	13	17	16
10	18	12	2	11	17	11	5	2	10
14	10	8	18	7	14	12	4	17	16
6	3	10	6	18	2	18	11	13	5
16	13	16	1	12	16	16	10	8	4
4	9	16	15	2	18	15	0	8	12
5	6	11	11	7	3	6	17	5	12
0	13	11	9	15	4	12	1	14	15
3	12	14	17	18	5	14	4	11	4
18	9	5	11	10	10	16	15	18	10
17	3	16	0	11	7	18	16	0	12
17	1	0	5	11	17	5	11	12	4
0	18	10	6	13	2	17	6	10	2
11	7	11	7	3	12	2	18	17	13
10	15	8	8	4	9	12	17	7	18
7	5	7	12	5	2	14	4	7	4
5	9	3	0	10	16	13	0	3	16
1	1	7	10	13	9	7	9	13	13
7	6	6	2	5	2	1	12	13	11
12	16	9	16	18	15	3	7	13	15
18	0	13	10	15	10	6	6	18	7
14	4	3	14	4	12	3	11	16	9
9	2	11	8	8	14	9	1	10	8
14	4	12	12	4	7	13	15	4	6
10	18	8	16	6	5	10	1	18	15
5	12	18	13	18	3	2	6	4	15
16	16	16	16	16	16	16	16	16	16
0	9	7	14	6	1	6	10	11	14
12	7	4	17	14	0	16	3	9	9
0	18	4	18	7	6	17	7	8	16
10	4	12	0	0	7	6	17	7	2
14	12	7	4	13	17	10	2	6	5
15	3	13	9	14	6	13	1	17	1
4	17	4	16	8	9	16	10	8	13
5	18	16	6	15	18	12	8	17	11
6	15	11	8	0	1	2	14	6	13
1	11	6	1	7	11	14	8	13	16
12	11	2	14	6	4	11	7	17	8
13	15	14	17	11	1	1	2	5	11
14	13	4	13	18	7	4	5	4	9
13	0	1	9	6	15	10	13	1	14
7	3	7	8	14	0	13	8	0	17
6	11	3	9	8	11	17	14	5	11
3	17	10	18	7	12	13	10	15	10
10	10	8	4	16	2	18	16	10	5
9	15	17	2	0	17	3	17	5	1
7	15	7	0	16	10	18	11	15	17
14	18	16	13	2	12	1	18	10	7
13	0	18	6	2	6	8	4	16	10
11	17	4	15	6	10	5	12	2	0
4	7	16	18	13	1	16	7	17	2
10	11	9	5	6	2	12	12	3	6
15	6	6	1	14	4	16	0	15	17
3	1	13	8	14	10	13	6	5	15
9	6	16	7	17	8	14	3	18	15
13	13	17	10	13	15	9	0	14	18
4	12	2	3	17	14	2	11	15	13
17	3	13	1	12	17	3	13	12	11
3	15	16	15	4	8	13	5	18	7
18	9	10	18	9	1	10	2	16	4
12	13	15	2	2	13	4	11	15	6
2	7	6	8	5	3	7	3	6	9
10	18	18	17	3	4	16	2	6	5
10	6	11	12	8	14	6	18	12	6
7	0	12	3	18	9	16	12	5	0
16	6	7	18	7	17	4	8	17	2
14	15	5	1	6	13	1	17	11	8
16	7	5	8	0	12	4	4	0	17
17	18	9	12	2	12	15	11	1	12
14	7	10	3	17	5	5	3	17	7
10	4	1	6	17	7	15	7	12	16
0	18	9	3	16	17	2	9	10	9
11	14	14	7	17	7	10	15	12	18
11	0	4	15	4	7	13	9	8	11
6	15	8	15	0	9	5	0	10	14
10	1	2	13	10	11	11	17	4	16
8	12	4	9	17	7	3	6	9	18
3	9	9	15	18	1	4	6	10	11
15	6	9	7	15	17	14	6	0	14
3	18	1	2	9	12	10	9	16	3
6	18	17	9	4	4	15	10	6	4
16	11	4	5	18	2	5	1	12	8
4	1	6	7	11	8	13	8	18	1
5	7	6	3	4	14	13	5	5	1
9	14	18	17	15	9	12	3	5	2
16	15	2	2	10	6	0	5	1	7
17	13	13	2	5	8	8	12	9	3
6	11	12	15	13	16	13	16	14	17
12	7	16	16	0	16	9	0	14	14
0	15	14	4	0	5	4	2	7	13
10	18	5	10	5	11	12	14	14	18
2	3	15	3	0	5	11	9	5	2
2	15	18	11	14	12	6	6	17	15
16	11	11	8	0	17	18	13	17	10
10	2	1	11	15	2	3	4	12	13
2	13	9	16	6	0	16	9	0	8
8	3	7	13	2	12	16	7	14	6
13	8	16	5	15	16	6	11	8	0
5	18	16	5	12	12	9	13	12	17
4	10	11	2	3	18	7	13	2	12
4	0	1	11	8	18	10	15	15	2
9	11	13	1	11	16	17	18	10	17
7	1	9	0	6	3	12	18	0	0
0	10	1	11	11	18	3	18	13	0
15	10	18	15	3	9	13	11	12	11
17	0	0	14	1	6	9	15	16	11
13	6	2	17	12	2	7	14	6	10
17	7	4	5	14	9	15	12	8	5
5	8	13	2	11	13	18	7	12	4
12	3	5	9	1	1	1	4	18	8
2	2	7	2	18	8	13	5	3	0
9	16	15	8	3	13	13	9	11	15
10	5	6	2	1	16	18	0	15	15
5	2	11	3	6	18	4	6	10	0
14	4	3	17	13	11	12	15	12	10
4	11	6	1	2	14	16	4	18	16
8	6	1	14	17	12	14	11	4	17
11	5	17	12	5	18	7	11	3	0
18	8	17	9	13	12	2	9	15	6
14	16	0	14	9	17	14	14	2	4
0	9	15	13	2	16	13	16	0	13
1	1	1	1	1	1	1	1	1	1
8	7	10	5	14	11	7	1	17	14
8	17	16	5	8	7	7	1	14	2
8	16	13	3	1	10	17	5	8	4
18	12	1	8	8	15	14	6	15	10
13	6	6	13	9	17	0	6	2	2
0	11	17	17	7	9	7	17	15	3
3	14	7	10	3	1	16	9	11	18
12	18	13	4	8	17	18	17	13	9
2	6	7	2	14	2	10	18	15	3
13	17	18	8	10	2	6	16	1	6
14	3	15	9	17	15	18	1	17	4
8	16	16	18	10	1	4	4	0	4
17	17	3	5	16	8	11	4	15	11
3	17	9	4	15	18	3	11	17	7
16	2	1	17	4	6	6	4	14	15
9	4	12	6	7	4	17	1	10	4
8	17	14	13	18	7	0	13	8	8
18	17	2	14	9	1	1	9	7	3
0	12	7	6	17	15	13	17	18	12
18	14	11	13	15	16	2	3	10	6
8	1	16	17	3	8	17	3	7	13
1	15	11	11	11	14	14	12	0	14
17	6	7	13	3	7	15	0	0	13
1	17	8	6	11	4	8	17	7	3
14	13	16	10	17	11	10	12	18	7
13	13	13	13	13	13	13	13	13	13
13	0	2	12	3	0	6	10	1	7
17	6	12	11	13	1	1	13	10	4
