11
17
5
12
14
18
7
4
8
0
18
11
5
5
0
6
3
18
14
8
14
15
10
17
1
6
16
2
8
14
15
14
10
17
13
10
15
2
7
9
1
6
12
17
18
8
2
7
9
1
15
1
18
13
18
14
2
17
18
11
15
4
3
17
5
8
13
7
12
18
0
0
1
14
16
9
18
14
10
14
1
12
8
9
18
12
14
14
9
0
18
17
6
18
6
1
7
7
5
0
2
11
7
5
0
10
11
3
7
14
6
12
1
10
4
11
3
12
2
17
12
8
12
5
18
1
14
9
15
17
7
18
4
9
17
11
17
12
16
16
1
16
13
12
13
9
8
17
14
18
16
14
16
0
4
18
12
6
14
17
16
0
13
4
1
15
16
18
14
13
18
17
11
16
18
1
1
8
9
2
2
8
3
11
16
15
5
3
15
17
6
5
17
16
16
11
10
9
15
11
1
6
9
7
17
1
11
9
15
17
7
9
17
11
13
6
14
15
13
2
17
3
4
16
12
5
8
12
9
10
18
10
9
13
4
10
17
4
6
14
11
18
9
10
15
10
4
4
0
9
10
10
6
2
16
10
18
4
10
3
2
7
15
2
6
14
11
6
8
7
15
12
11
14
0
0
7
