          15
           8
           4
          14
           8
           0
           6
           6
           0
          10
           3
           1
          16
           6
           0
           4
          12
           2
           3
          13
          12
          11
           3
          11
           2
          12
           7
          10
           4
           7
          12
          11
          13
           5
          14
          15
           6
          11
           8
          14
          11
           3
           7
           5
           1
           6
           6
          10
           7
          16
           5
          10
           6
           7
           8
           9
           2
           0
           1
           3
           4
           8
           0
           0
          16
          10
           7
           7
           0
           6
          14
           0
           6
          13
           0
           8
          16
           0
          10
           4
           6
           9
          11
           1
           8
          10
           2
           4
          13
          11
           2
          13
           8
           4
           0
           2
           2
           1
          14
           0
           0
           5
           0
           5
           3
          13
          10
          11
           1
          14
           8
          13
           3
           6
           4
           3
           6
           0
           4
          15
           6
           9
          12
           9
           9
           8
          15
          12
          11
          16
          12
           8
          13
           9
           4
           4
          16
           5
          15
           9
          11
           5
          16
          14
           5
          14
           6
           6
           0
           6
           2
           6
           0
          12
           8
          15
           9
           4
           4
           0
           5
           8
          15
           1
           7
           6
           8
           6
           0
          10
           2
           2
          16
           1
           6
           2
          10
           6
          10
          11
          14
           4
           1
           6
          11
           4
           3
          13
          11
          15
          11
           9
          12
           9
          15
           3
           5
           4
          11
           6
           8
           0
           5
          13
           7
          10
          13
          16
           5
           8
          13
           6
           5
           6
           0
          10
           1
          12
           2
          16
           8
          16
           9
           0
          11
           1
           0
          14
           0
           2
          15
           2
           5
           3
          10
           3
           5
          10
           2
           1
          13
           8
           6
          14
           4
          10
           3
          12
           7
           1
           4
           7
           0
           2
          10
           3
          12
           1
           7
          10
           9
          15
          11
          12
           5
          12
          15
          11
          10
           7
           3
           0
           2
           9
          13
          13
