15
8
4
14
8
0
6
6
0
10
3
1
16
6
0
4
12
2
3
13
12
11
3
11
2
12
7
10
4
7
12
11
13
5
14
15
6
11
8
14
11
3
7
5
1
6
6
10
7
16
5
10
6
7
8
9
2
0
1
3
4
8
0
0
16
10
7
7
0
6
14
0
6
13
0
8
16
0
10
4
6
9
11
1
8
10
2
4
13
11
2
13
8
4
0
2
2
1
14
0
0
5
0
5
3
13
10
11
1
14
8
13
3
6
4
3
6
0
4
15
6
9
12
9
9
8
15
12
11
16
12
8
13
9
4
4
16
5
15
9
11
5
16
14
5
14
6
6
0
6
2
6
0
12
8
15
9
4
4
0
5
8
15
1
7
6
8
6
0
10
2
2
16
1
6
2
10
6
10
11
14
4
1
6
11
4
3
13
11
15
11
9
12
9
15
3
5
4
11
6
8
0
5
13
7
10
13
16
5
8
13
6
5
6
0
10
1
12
2
16
8
16
9
0
11
1
0
14
0
2
15
2
5
3
10
3
5
10
2
1
13
8
6
14
4
10
3
12
7
1
4
7
0
2
10
3
12
1
7
10
9
15
11
12
5
12
15
11
10
7
3
0
2
9
13
13
5
7
5
12
11
12
12
13
11
14
1
7
16
8
10
0
4
4
15
5
11
13
3
3
16
3
2
13
12
15
4
0
5
1
5
15
1
16
7
12
9
10
2
13
10
14
1
1
2
4
9
2
0
4
3
12
14
6
8
16
11
9
6
15
10
0
14
11
2
13
6
6
6
13
7
5
10
7
6
4
8
11
2
14
4
10
14
12
3
4
3
2
0
5
0
11
0
0
6
4
11
14
9
0
8
3
13
12
16
9
3
3
6
16
12
2
7
10
4
2
8
13
12
4
4
9
0
1
9
16
1
4
9
4
15
2
0
12
3
1
0
15
1
11
11
14
7
2
0
13
11
15
15
3
11
0
15
14
0
3
13
2
0
1
8
2
10
16
4
13
1
8
15
4
16
8
13
9
0
13
13
7
16
0
3
11
16
13
9
3
6
4
12
14
0
4
6
3
6
15
16
9
16
10
5
1
15
3
13
2
0
4
13
2
4
14
8
4
9
10
9
9
4
10
3
4
6
7
3
15
1
15
1
15
1
16
0
7
3
5
15
10
3
3
9
16
5
2
15
1
15
16
6
8
2
11
16
5
2
8
8
6
6
2
6
14
9
11
4
12
13
16
16
4
16
3
9
13
7
2
13
10
4
0
10
13
13
15
0
14
0
8
6
10
3
10
5
14
10
16
16
11
10
10
7
15
11
5
6
5
16
12
2
1
15
5
0
10
0
6
1
6
0
5
11
16
16
13
2
13
3
1
11
14
12
13
9
15
14
4
0
9
8
0
3
3
1
15
5
9
3
15
5
4
2
12
5
7
4
14
7
14
0
9
2
2
15
15
13
9
11
0
2
13
4
6
13
13
9
2
6
11
8
9
15
9
7
13
1
11
1
14
12
11
6
13
11
4
3
4
4
0
0
14
7
14
8
10
3
10
14
16
13
4
8
9
