10
4
12
12
3
1
0
0
1
9
10
9
4
3
9
2
1
10
2
0
12
11
4
6
8
5
6
9
0
2
7
5
10
2
0
12
0
0
9
10
5
12
0
0
10
9
1
1
5
0
0
12
0
4
0
11
6
7
10
11
11
5
10
9
0
10
3
0
11
3
10
4
12
4
9
4
5
9
7
4
1
1
3
0
0
10
1
9
9
0
0
10
8
10
12
9
6
3
3
12
12
7
9
8
0
1
12
12
4
3
2
2
11
9
6
7
9
3
9
0
0
4
1
1
2
11
4
3
0
9
0
1
3
4
7
0
0
2
1
8
10
4
9
9
9
0
3
3
11
0
7
12
0
6
10
5
12
0
4
0
10
8
0
11
1
3
3
8
0
6
9
0
1
0
1
10
0
2
6
10
9
8
10
0
1
11
9
11
0
2
10
10
10
9
12
10
0
0
0
4
12
0
2
11
8
11
12
5
7
12
10
10
0
1
0
1
6
9
3
5
8
8
0
10
9
9
0
12
1
0
4
2
0
8
0
12
8
12
5
0
10
11
11
4
4
1
6
4
3
12
1
10
5
3
11
4
4
9
12
9
1
8
12
3
0
6
11
11
11
0
4
9
8
6
0
5
11
0
3
3
3
12
9
10
4
5
0
9
10
10
8
12
7
12
1
1
0
1
8
6
5
8
1
6
4
10
0
12
5
0
7
3
2
9
0
6
0
0
3
2
11
4
3
10
1
2
7
1
1
0
11
11
9
11
8
3
0
8
9
9
0
10
0
11
3
1
4
8
4
4
12
9
5
1
3
7
0
11
1
0
0
2
8
2
10
5
2
3
7
5
4
4
1
3
3
1
2
10
4
12
4
1
3
0
0
11
8
7
12
0
10
4
10
11
3
6
9
12
9
0
9
7
12
4
8
12
10
4
8
1
1
10
9
10
4
1
7
4
3
1
12
5
3
11
0
5
6
4
12
1
3
8
1
3
7
6
11
1
12
10
11
8
7
12
0
7
6
6
12
1
2
1
10
12
4
6
9
11
10
6
4
0
2
4
1
6
7
9
10
10
0
12
0
7
7
1
4
9
5
8
11
7
8
12
3
5
4
10
11
0
10
8
5
4
3
2
3
12
0
7
10
10
3
0
0
4
2
0
5
1
6
0
2
1
10
3
5
0
6
7
9
0
0
2
9
4
0
1
8
5
5
12
1
6
4
5
1
3
4
6
5
12
12
4
4
0
1
9
4
0
4
2
9
11
0
1
9
12
8
0
11
5
9
10
6
1
10
10
3
0
9
4
7
10
11
3
11
3
6
9
11
11
0
1
2
7
12
12
3
6
6
