17	17	11	1	3	15	4	15	7	0
3	17	17	8	7	16	1	1	11	5
13	3	12	5	11	13	0	18	15	14
7	15	7	3	6	18	13	6	12	8
8	0	8	16	2	12	9	17	3	12
8	18	3	15	3	10	1	12	15	4
17	0	17	8	7	17	17	2	16	6
15	3	7	6	1	5	11	11	17	0
6	17	14	11	9	12	18	13	1	1
5	16	10	1	17	7	6	13	3	10
2	14	14	8	16	14	2	12	1	3
17	18	10	0	11	2	4	7	2	0
15	6	14	13	11	11	10	8	13	4
5	9	17	12	11	6	0	13	5	3
6	17	11	2	18	8	7	14	4	11
18	7	2	15	3	3	2	0	1	18
2	11	10	8	10	17	9	7	15	18
10	0	2	15	17	15	13	18	11	8
9	0	7	15	3	1	17	16	4	6
14	14	1	11	9	16	8	16	5	12
0	2	0	14	2	15	7	12	18	13
18	12	7	14	11	5	11	10	12	2
5	18	16	4	9	6	6	18	7	4
8	2	2	18	2	18	2	0	17	10
16	6	2	9	2	14	4	12	9	1
0	3	1	2	10	3	5	7	4	6
13	2	7	8	5	7	18	2	8	11
15	1	6	13	17	16	4	15	5	2
4	14	7	7	5	5	13	8	0	0
17	3	5	4	3	5	16	6	13	10
1	9	9	16	18	5	12	10	18	5
17	15	13	4	9	0	2	16	2	4
6	2	0	0	7	3	12	8	16	11
14	1	8	6	18	4	6	10	4	11
17	9	14	1	13	13	14	16	15	17
17	1	9	16	12	14	16	7	8	18
17	14	6	13	7	9	3	14	1	8
9	9	4	4	16	11	2	12	2	3
0	17	8	9	9	2	10	16	14	4
2	18	7	1	18	16	17	5	8	18
13	14	14	16	9	6	13	18	16	2
13	7	7	11	9	0	13	16	16	3
3	6	9	15	2	4	7	12	4	12
17	9	8	0	6	15	13	6	5	14
16	9	15	13	7	13	11	1	14	13
7	6	5	7	13	1	4	1	10	1
8	16	2	16	1	6	13	6	7	6
7	7	7	11	0	3	14	15	7	12
7	17	15	14	17	7	7	6	10	3
8	17	14	8	3	15	4	0	2	0
8	1	3	7	15	5	0	3	3	14
10	6	5	9	14	4	18	18	11	15
0	6	7	3	14	7	8	2	2	17
1	12	17	4	16	16	17	0	18	1
12	17	9	14	11	11	1	6	6	4
2	17	15	18	12	17	17	8	8	8
8	4	18	13	2	18	10	14	4	9
1	10	9	1	10	17	0	18	5	14
4	13	14	0	15	4	4	10	0	4
1	4	6	11	6	15	16	16	4	3
8	18	12	2	8	16	6	13	3	11
17	0	12	17	18	18	9	1	2	2
2	0	16	12	18	2	13	9	7	9
10	6	3	7	13	1	0	4	12	5
7	1	12	2	14	0	13	17	6	10
1	7	1	1	14	2	1	1	18	6
9	6	0	14	2	17	1	14	9	15
17	1	3	10	9	3	1	5	15	5
5	15	4	7	13	16	7	6	3	18
8	8	5	3	10	0	4	17	11	4
4	4	10	8	1	1	14	18	10	8
4	4	13	5	13	0	3	10	3	4
9	14	9	5	11	6	17	12	4	13
11	4	1	18	7	4	1	9	4	1
12	14	7	8	1	17	16	7	16	11
2	14	8	8	12	12	9	7	16	3
17	16	13	18	12	4	16	4	4	18
18	7	4	15	17	2	10	16	12	10
2	4	6	9	11	4	17	12	2	15
11	9	4	0	7	16	0	15	1	16
16	13	0	7	13	9	5	17	14	0
18	13	1	3	11	12	3	1	12	17
6	5	12	16	3	12	11	1	1	16
12	10	18	6	0	10	12	2	17	9
13	16	12	16	12	2	14	1	15	0
15	14	8	7	0	10	16	10	0	0
12	1	10	10	3	4	13	17	4	15
4	10	10	9	17	17	3	4	14	16
13	6	16	17	15	15	15	11	5	12
11	11	11	11	11	11	11	11	11	11
15	10	18	2	2	7	12	0	4	13
8	17	8	16	4	14	11	2	18	0
9	16	9	4	6	16	3	14	5	11
0	8	15	14	6	14	12	3	2	11
4	7	3	11	15	8	12	0	6	15
4	3	11	0	4	0	5	12	4	7
0	0	14	8	8	6	12	12	16	13
12	6	0	14	16	11	17	0	13	6
3	4	17	5	11	17	2	17	15	8
3	14	8	18	15	5	4	11	1	8
7	12	16	5	2	4	18	13	10	3
10	12	3	12	3	3	1	8	17	8
6	16	6	4	9	18	11	0	5	17
14	15	16	1	7	10	1	17	0	14
2	2	2	2	2	2	2	2	2	2
1	5	9	6	11	1	17	16	8	17
18	12	4	9	13	17	16	18	13	18
1	3	13	3	13	3	16	9	9	8
16	1	3	11	1	10	15	12	8	1
11	13	16	9	0	2	5	2	8	13
11	0	14	8	15	15	14	12	13	11
3	12	16	8	5	18	18	16	12	4
17	9	2	3	11	3	5	14	15	6
6	12	9	6	2	12	10	14	17	15
15	9	9	2	16	12	1	16	1	14
4	6	18	14	16	8	7	14	1	5
8	15	4	6	5	13	6	7	3	5
15	1	8	7	13	1	2	1	18	14
10	3	8	9	0	17	13	8	8	6
11	3	2	13	0	9	7	0	18	8
6	4	6	15	16	6	6	2	7	17
18	5	11	5	0	17	5	2	5	2
7	6	6	16	9	11	14	17	5	4
8	18	11	16	5	0	4	7	12	11
15	8	8	2	10	8	15	6	14	16
6	15	15	8	9	2	7	5	3	0
16	0	13	17	14	15	2	15	12	6
7	11	13	13	6	10	1	5	16	2
2	17	0	16	15	5	7	10	16	6
15	11	10	7	17	5	2	1	0	5
7	12	7	17	13	12	0	16	15	3
5	0	18	5	6	11	6	7	4	16
18	3	13	5	16	4	3	17	2	6
12	3	6	8	5	16	15	5	4	3
17	1	7	7	9	9	14	7	8	14
14	14	13	1	6	7	7	10	2	5
10	18	5	2	0	1	7	16	12	9
9	3	17	12	4	2	3	2	15	10
8	10	13	17	11	8	16	1	3	1
16	4	5	8	3	7	11	18	10	10
11	12	4	3	13	13	15	12	1	17
11	9	0	4	10	4	15	1	18	8
3	9	3	13	8	14	1	3	18	12
5	12	1	7	14	18	4	0	14	0
8	5	8	13	7	14	11	16	5	9
0	5	15	5	1	11	2	6	7	0
5	1	18	7	11	12	16	5	17	0
8	12	7	0	11	2	15	15	3	6
12	4	11	6	14	2	13	4	11	12
6	3	0	6	5	9	15	5	11	9
6	14	1	2	8	2	15	11	9	0
4	15	12	4	11	18	1	17	12	10
11	18	2	4	15	8	7	4	0	11
16	16	16	16	16	16	16	16	16	16
7	17	10	12	14	18	4	3	17	8
10	2	17	12	16	2	12	11	6	2
7	17	18	4	8	0	14	16	10	1
7	6	0	10	6	1	8	14	10	11
6	17	9	9	6	13	1	1	9	15
17	18	9	0	4	15	8	15	0	7
3	4	2	0	5	14	17	7	11	13
18	18	5	14	10	12	10	8	8	1
6	12	1	3	13	4	4	16	3	14
16	1	4	11	8	15	2	5	12	12
12	12	15	17	10	1	16	3	9	16
8	4	7	17	13	6	13	14	18	16
7	14	13	10	13	6	9	16	11	17
15	16	10	3	0	2	10	4	14	9
1	16	7	6	5	10	17	16	0	15
2	17	13	8	6	4	13	15	7	8
13	12	10	15	18	2	16	16	8	10
14	0	7	12	11	18	9	7	7	16
14	17	9	18	7	0	17	14	2	0
10	5	1	16	8	18	11	3	8	9
3	2	14	8	1	4	4	7	12	3
4	7	15	13	10	3	5	2	9	1
2	17	10	16	9	18	0	15	16	3
10	9	16	1	7	16	15	5	5	1
5	0	11	4	11	7	9	5	11	1
14	11	7	0	2	2	14	16	6	12
5	4	17	17	12	14	5	6	17	11
6	6	2	8	3	15	8	7	4	5
4	9	17	7	4	13	16	14	10	14
1	11	11	13	2	11	5	10	2	16
12	1	5	13	15	9	5	6	13	11
14	16	14	3	17	9	14	2	8	3
1	9	2	7	18	11	0	9	2	1
17	7	6	4	6	13	5	3	11	14
18	10	5	0	14	9	6	2	4	15
12	12	17	17	5	10	0	9	0	18
5	13	6	13	9	17	15	13	17	2
5	17	0	2	6	3	13	16	2	17
12	8	4	2	6	13	13	10	13	0
0	8	4	1	4	3	17	4	10	14
14	13	8	9	15	12	2	7	1	10
1	3	17	12	11	11	5	2	12	8
6	11	12	8	11	12	11	13	17	2
9	7	3	6	17	10	9	4	5	15
4	10	0	17	9	5	10	6	15	0
15	10	16	5	16	8	3	6	6	4
4	9	3	12	16	11	4	11	17	1
18	18	10	14	7	11	15	18	4	11
0	1	17	8	9	0	1	9	13	13
6	10	18	5	7	16	15	16	4	14
4	2	12	12	10	11	15	14	10	6
16	2	16	12	18	13	5	0	11	1
18	10	12	8	11	16	15	8	15	6
4	6	17	2	11	16	8	15	14	18
2	17	7	15	4	16	17	3	18	14
14	18	10	7	18	13	18	4	12	6
12	0	7	6	9	7	11	0	2	3
7	5	3	0	17	5	11	16	7	13
18	16	18	12	2	2	12	15	5	3
8	15	10	18	7	4	10	16	5	2
18	9	5	8	1	11	7	11	3	9
3	17	2	10	3	0	17	11	0	8
6	10	16	13	17	15	18	10	0	0
7	16	9	0	10	1	0	13	4	8
14	0	13	12	15	18	3	14	15	14
8	4	5	2	11	7	10	2	18	14
3	14	3	11	16	6	14	13	0	6
6	15	4	6	2	12	1	15	4	6
11	11	5	10	4	13	10	1	1	8
11	4	3	5	1	12	12	3	4	6
8	18	0	18	10	13	11	18	18	10
10	3	7	7	6	16	12	9	0	4
2	12	11	14	15	9	18	16	14	8
2	4	15	7	11	18	8	16	9	12
4	3	17	16	18	2	18	14	14	5
4	18	4	1	0	11	9	9	15	12
8	5	1	1	17	2	9	11	12	4
5	11	2	15	8	5	2	3	0	4
10	1	5	2	17	7	1	4	0	10
6	1	10	1	5	13	14	1	1	5
18	18	11	10	2	11	9	12	7	8
14	11	6	8	0	11	11	17	15	14
0	1	9	8	10	16	1	9	2	0
5	11	11	6	6	4	6	15	13	13
12	2	5	17	7	6	10	10	11	5
17	16	16	11	12	6	8	8	18	8
7	11	9	0	15	13	11	16	18	4
6	2	7	17	12	7	10	7	15	5
3	12	8	11	15	0	15	15	6	16
6	13	7	11	2	2	17	11	18	16
9	0	18	12	14	0	17	11	14	12
6	18	8	18	6	13	7	9	15	3
2	8	7	2	12	18	18	15	2	14
5	16	2	8	1	4	10	1	16	8
7	18	12	3	0	9	8	15	5	12
15	11	6	11	1	9	9	9	4	13
12	0	9	8	10	10	10	14	1	13
14	6	3	17	11	17	6	3	0	11
15	14	8	18	14	9	16	3	18	0
18	4	9	4	3	5	18	1	3	2
16	10	14	4	10	4	18	0	17	18
13	15	16	2	18	9	0	13	9	2
9	10	11	6	13	6	8	2	11	4
11	7	7	5	7	18	10	18	10	0
13	15	12	4	15	8	7	5	8	10
10	1	17	16	10	10	5	10	1	12
4	8	11	7	1	13	14	10	2	9
2	10	3	1	17	0	3	15	3	17
2	7	16	2	0	17	11	1	16	3
4	2	13	2	6	2	6	11	5	9
13	17	2	7	9	11	2	0	8	7
13	4	11	0	7	5	2	1	8	10
6	18	15	16	11	13	7	12	3	12
7	4	7	2	14	10	18	8	11	11
17	13	7	10	6	7	15	14	6	3
17	3	8	4	5	13	9	11	1	17
1	7	1	5	7	17	8	9	18	11
4	9	7	15	15	11	18	6	10	8
14	15	8	4	17	8	9	0	0	4
6	17	17	14	1	16	12	6	10	6
7	15	2	11	14	5	6	18	9	2
6	17	5	6	7	14	15	5	14	9
8	14	10	17	5	12	11	10	10	15
