        4323          14           2
       16750          57          13
       18195          62          11
       19929          68           4
       20796          71          15
       22530          77           0
       27443          94           1
       28888          99           3
       34090         117           6
       44205         152          15
       48829         168           4
       58366         201           7
       62123         214          14
       65591         226          13
       66169         228          15
       73105         252           8
       78596         271           9
