           3           7           9          16           4          16          11           5           6
           5          13          10          11           1           6           1           0           2
          14           1           7           4          10          15          16          13          14
           0          13           1          13           4           6           1           2           1
          11           3          12           2          15           3          12          15          13
           3           1          15           0          12           2          11          13           4
          10          15           5           4          16           7           2          10           7
           1           1           5          12          13           6          12          15          15
          15          13          10          12           7          14           6           8          16
           1           7           6          10           6          15          11           8           1
           7           3          12          14           6           1           2           6           5
          13          11           1           0           3          11          11           0           8
           9          11           3           9           0           3          15          15           7
           5          16           7           6           2           9           5           4          11
           2           2           2           2           2           2           2           2           2
          13           3           9           0          12           5           4           8          14
           3          15           2          12          14          13          14           4           7
           4           2           3          11          11           9           5           9           0
           6          15          14           6          15           0          16          14          12
           4           2          16           0          16           4          11          12           3
          10           3           3           3          11          11          16          14           8
           4           1          14          13           6           8           4          11           6
           5          11           9          12           9           0          13          10           3
           8           5           1           0          10          12           8          15          10
          10           1          11           5          11           6          12           8          10
           6           6          12           2           9           0           2           3           3
           7           1           2          15           2          10          14           0           7
          11           8          10           0          13           8           8           0          12
           5          11           6           3          15          14           4          15           8
           6           0           2          10           3           0           9           6          13
           1           7          10           3           4           4           4           3          13
           3           1           9          14          13          15           8           2          10
          16           9           3          12           0           7           8           4          15
          15           3          16           6           4           5           4          14          11
          15           7           5           9           1          11           2          13          11
           9           1           8          14           8          13           7          11           9
           4           5           6           9          11          16          12           7           3
           7           7           0           8           6          12           8           6           6
          13          13           7           5          12          14           5           9           9
          10           6          11           6          14          16          11          12          11
          16           7          11          16          11           0           6           2           4
           9           1           0           9           1           3           2           0          15
          14          14          12          11           9           9          11          12          12
           4           9           5          12          10          11          10           3           0
          14           8           5          11          14          12          10          10           0
          13           7          13           5           6           1           4          15           5
          10          16           2           2           9           6           3           9           2
          10          16          14           6          13          16           7          10           3
           0           0          16          10          14           3          10           5           5
          10          16           2          13          10          12          14          14           7
          15           3          16           6           4           5           4          14          11
          16           1           9          10           1          12          16          12           4
           7           7          11           1           2          12           1           4           4
           5          11          12           1          12           6           2          16           9
          14           4          10           2          10           5           6          11           0
           6           0           7          16           3          14          15           8          15
           0           5          13           6          11           6           4           5           2
          13          13          13          13          13          13          13          13          13
           1           2           8           6           9          16           9          11           7
           5          13          15          11           2           9           1           7           9
           3          15           8           3          15          12           5           8          11
           7           4          16          15           5           8           6          14           9
          11          11          11          11          11          11          11          11          11
          12          10           7           9           4          11           3           5          13
           7           7          13           4           7           0           4           6           6
           6          14           1          10           6           3           0           0           2
           3           4          14           2           6           6           5          10           6
           5          16           0          13           0           8          12          15           5
           4           4           4           4           4           4           4           4           4
          11          11          15           5           6          16           5           8           8
           1           8          11          11          12           9          15          14           3
          15          15          15          15          15          15          15          15          15
          12          14           4           9          15           1          15          16           8
           2          13          15          16           3           3          15           5          12
           2           4           7           5          10           3          11           9           1
           3          11           8           9          16           4          16          15           0
           2          12           9           8          11          12           4           4          15
           0           0           0           0           0           0           0           0           0
          15          12          14           4           0          12          12           4          16
           1           7           2          16          11          10           0          11           4
           6           6           6          16          10          13          16           9           9
          10          16           3           3          13           9           4           9           2
          13          11           2           7           6           8           1          12           3
          15           9           6          12          15          13          11          11           1
          12          12           6           4          11          13           4           8           8
          14          14          16           0           2           2           0          16          16
           2          10           3          14           3          15           4           0           2
           4           6           9           8           9           4          14          13           5
           1           4           2           5           3          11          14          15           3
           0          15           6          11          10          12           5          16           7
          14           0          10          14          10           8           6          13           1
          14          12           9          10           9          14           4           5          13
           9           0          14          15           5          10           5           4           6
          10           0          10          15           0           0           2          16           5
           1           1           1           1           1           1           1           1           1
           6           8           3          16           5           2           5           9           1
          11           7           4           2           8           7           7           2           1
           4           4          15           7           4          11           7           5           5
           1           8          15          12           3           7          16           8          14
           3           3           3           3           3           3           3           3           3
           8          10          15           3           3           8           9          12           4
           5           6           9           6           4          12           9          13           9
          14          16           2           0           5          15           6           4          13
          11          11           3           6           4           1           6           0           0
          14          11          14          10           2           8           1          15          10
           8          13           6          13           2           6          11           7           4
           4          14          10           4           7          16           0          13           7
          13           7           8           5           5          15           4           8          15
          16          14           2          11           2          15           5           6          14
           9           0           1           9           0          15          16           1           3
           1           4          13          15          16          11           7          13           1
          11          16           6          11          16           2           9           6           3
          14          10           2           4          13           8           9          13          12
           3           5          14           9          10           8          15           4          13
           0          13           2          15           5           8           3           4           3
           3          14           4           3          13           4           2           2           9
          14           8          14           6           7           2           5          16           6
           6           6           6           6           6           6           6           6           6
           1          13           6           1          13          10           3           6           9
           0           6          11          16           9          14           0           9           2
           7           7          11           1           2          12           1           4           4
          14           3           2          10           7           7          11          12           5
          12          16           2          16          13           4          11          11          12
          11           1           2          15           9           0           2          16           5
          10          14          16          13           7          16           8           9          10
           9          11          13           1           9           0           7          13           5
          14           6          13           2          13           1          12          16          14
           2          15          15           9           6          11          14           2           1
          16          11           3           9           8          11          11           9          12
          14           3           6           0          14          16           1           1          11
           2          15          13           0           2          12           5           5           4
          10          16           9           0          13           2           1           8           1
          15           5           1           6           0          14          10           4          10
          14           2          12           1          11          13          16          11           8
           4          11           0           8           3          13          12          16           5
          12           7           0          12           7           4          14           0           3
           1          16          10          14           9           6           8          15           6
          13          13           5           8           6           3           8           2           2
           6           5           4           2          13          10          16           5           9
           4          10          15          10           9          11          11          10           3
           2          15          15          13          11           7           1          10           9
           6          11           8          10          14           4           8          12           9
           0           6           7          11          13           3          12           7           0
           4          12          13           4          12          10          11          13          15
          15          13           1          11          15          13           5           7          15
          16           0           9           8          16           5          11          11           7
          13           3          16          15          16           1           2           7          13
          15           0           9           4           5           3          10          16           8
           6           4           1           3          15           5          14          16           7
          16          16          16           9           3           6           9           2           2
           2          12          10           9          15          15           5           4          15
          12           2          15          14          15           0           1           6          12
          15          15          15          15          15          15          15          15          15
           8          10           2           7           2           3          13          12           4
           9           0          14          15           5          10           5           4           6
           5           8          13           7          11          11          16           1           6
           1          13          10          16          13          11           1          11          14
           5          10          13           6          13          13           4          10           7
          11          12           3          13           8           3          16          11           7
           6           8          11           9          14           7          15          13           5
           1           0          15           7           5           8           4           5           9
          15           2           9           2          10           6          14           6           7
           8           2          14           8           2          12           7          14           4
          12           6           3           9          12          10           8           8          15
          15           7           3          11          15           1           4           4           2
           7          11           0           6          10          16           1           7           8
           9          13           3          13           4           0           8           0           1
          11          13           5           0           1          16           6          12           4
           4           4           4           4           4           4           4           4           4
           4          10           9          13           9           1          14          11           4
          14           7          11          14           5           7          10           7           1
          12           3          13           7          13           8          14          10          12
          14          16          11           2          11          15           8           7          16
          10          16           8          15          12           0          16           6          16
          15           0           9           4           5           3          10          16           8
           7          14          13          13           2           3           0           3           9
           8           0          13           9          10           6           2           7           5
          11          12          10          11          12          16          14          10           6
           9           0           0          12           1           8           2           9          11
          15           4          15           6           5          10           7          13           6
          10          16          12          15           6          16          16          15           8
           7          13           8           5           0          16           6           0          10
           2          15           3          16           3           7           4           6           5
          11           9           6           1           7           0          12           7          15
          15           4          15           6           5          10           7          13           6
          11           1           7          15          10           3           2           6          12
          14          13           4           5          14           8           2           2           6
           2           4          16           2          14           8           8           2          11
          12          11          13          12          11           7           9          13           0
           4           3           2           0          11           8          14           3           7
          12           6           7           4           4          14           3           7          14
           1           9           1           6          16           0          13           4           6
          11           0           6           1           3           4           2           0          10
           1           3          14           4          14           0          10           9           1
           8           0           7          13           7          12           6          10           8
           5          11          10           8          11           8           9           0          10
           4           9           5          12          10          11          10           3           0
          11           1           7          15          10           3           2           6          12
           0           6           0           8           7          12           9          15           8
          16           9           1          14          14          14          10          12           6
          15          12          11           7           4          14          15          16          11
           7           7           7           7           7           7           7           7           7
          14          15           1          15          13           4           1           5           1
           1           6          13           1           6           9          16          13          10
           6           4          16           0          10           0          11          14           5
           0           9           7          10           6          14           3          13          11
           2          11          16           6           7          16          16           6           4
          12          11           9           8          12          12           5          13           0
           7          11          11           0           3          15          12           7           8
          11           9          10          11           5           6           5           2          10
           1           6          15          10          10           8           8          10           7
          14          15          13          14          15           2           0          13           9
           0           0          11           4          14           6           4           3           3
          11          16           7           1           2          16          16           1          15
          14          14          14          14          14          14          14          14          14
          13          13          14           3          16          10           3           8           8
           9           8          13           3          13           5           0           9          13
          16           3           3          15          11           1          10          11          12
          15          11           8           6          12          11          11           6           5
           4          10          13           7           4           6           8           8           1
           0           4           8          16           6           1          11           4           5
           0           7           6           1          10           1           5           3           9
           4          13          16          15           8           3           8           9           7
           8           4          15           2           9           6           7          11          10
          11          11           4          12          10          16          12          10          10
           1          15           7          15          11           1           6           9           4
          13          13          13          13          13          13          13          13          13
           9          14           4           5           9           4           3          13          10
          15          15          15          15          15          15          15          15          15
           0          13          11           4          16           4           9          15          14
           9           3          15           9           3          13           8          15           5
           9          14           8           3           9           5           1           1          15
           2          15          14           7           5           9          12           0          16
           0           4           5          14           8           8           9           6           7
          14           1          13           7           9           2           2           7           8
          14           5          10           8           0           8          15           3           5
          15          11          10           3           1           5           8          13          12
           2           8           7          11           7          16          12           9           2
           1           1           8          16           5          14          16           0           0
          12          13           2           0           3          10           3           5           1
           3           3           3           2           6           4           2           1           1
          14           6          15           5           1           6          15           1          16
          15          12           0           8           9           3          16           6           1
           0           4           4           8           2          10           3          13          14
           9           9           9          10           6           8          10          11          11
           0          16           6           1          14          14          15          10          14
          14           9           0           9          10           3          11          13          16
          13           8          12           5           7           6           7          14           0
           9          10           3           8          12          12          11          16          12
           4           2           9           8          11           2           2           8          16
           0           0          12           4           4          10           4           1           1
           1           1          12          14           5          15          14           5           5
           8           8           8           8           8           8           8           8           8
           8           8          15           6          12           4           6           7           7
           5           5           6          12           8           2          12           0           0
           1          15           4           2          12           2          10           6           1
           2           3           5          13          15          12          16          15          11
           3           6           2          12          10           0           4          14           2
          10           2          11           5           2          15          15           5           3
           1           6          10           8          15           7           6          16          13
           5           9          11           8           2          11           3           4           5
           9           0          14           4           4           4          11          16           1
           8           8           4          14          13           3          14          11          11
           5           7          16           4          16           0          10           9           1
           5          10           6          13          11          12          11           4           1
           4           1          10           8          10          14          16           9           4
           7          11          14          16          10          11          11          16           0
           7          11           0           3           2           2          15           1           2
          14          16          14          14          13          15           3           8           0
           9           1          14           5           9          12          15          15          13
          11           7          16           1          10           5           6          10           9
           9           9           9           9           9           9           9           9           9
           3          16          14           7           2           7          12           1           0
           5          14           0          16           9           4           9          10           8
           6           0           8          13           2           4          12           0           7
           9           5          15           6          11           0          11           3           2
